[gd_scene load_steps=3 format=3 uid="uid://bgbdhvqexe66n"]

[ext_resource type="Material" uid="uid://d1rxdhrj1lo0m" path="res://֭ſɭᴜ ʃᴜ/ı],ͷ̗ɔ ſɟɔ.tres" id="1_48h2g"]

[sub_resource type="CylinderMesh" id="CylinderMesh_mdp8k"]
material = ExtResource("1_48h2g")
top_radius = 0.25
height = 8.0

[node name="ı],ͷ̗ɔ ſɟɔ ı" type="Node3D"]

[node name="CSGMesh3D" type="MeshInstance3D" parent="."]
lod_bias = 0.001
visibility_range_end = 128.0
mesh = SubResource("CylinderMesh_mdp8k")

[node name="CSGCombiner3D" type="CSGCombiner3D" parent="."]
transform = Transform3D(1, 0, 0, 0, 1, 0, 0, 0, 1, 0, -3, 0)
lod_bias = 0.001
visibility_range_end = 128.0

[node name="CSGPolygon3D" type="CSGPolygon3D" parent="CSGCombiner3D"]
transform = Transform3D(0.965926, -0.258819, 0, 0.258819, 0.965926, 0, 0, 0, 1, 0, 0, 0)
lod_bias = 0.001
visibility_range_end = 128.0
polygon = PackedVector2Array(0, -0.5, 0, 0, 1.25, 0.5, 1.875, 0.5, 2.25, 0.75, 2, 0.325, 1.25, 0)
mode = 1
spin_degrees = 45.0
spin_sides = 6
smooth_faces = true
material = ExtResource("1_48h2g")

[node name="CSGPolygon3D2" type="CSGPolygon3D" parent="CSGCombiner3D"]
transform = Transform3D(2.98023e-08, 0, -1, 0.258819, 0.965926, 7.71341e-09, 0.965926, -0.258819, 2.87868e-08, 0, 0, 0)
lod_bias = 0.001
visibility_range_end = 128.0
polygon = PackedVector2Array(0, -0.5, 0, 0, 1.25, 0.5, 1.875, 0.5, 2.25, 0.75, 2, 0.325, 1.25, 0)
mode = 1
spin_degrees = 45.0
spin_sides = 6
smooth_faces = true
material = ExtResource("1_48h2g")

[node name="CSGPolygon3D3" type="CSGPolygon3D" parent="CSGCombiner3D"]
transform = Transform3D(-0.965926, 0.258819, 5.75737e-08, 0.258819, 0.965926, -1.54268e-08, -5.96046e-08, 0, -1, 0, 0, 0)
lod_bias = 0.001
visibility_range_end = 128.0
polygon = PackedVector2Array(0, -0.5, 0, 0, 1.25, 0.5, 1.875, 0.5, 2.25, 0.75, 2, 0.325, 1.25, 0)
mode = 1
spin_degrees = 45.0
spin_sides = 6
smooth_faces = true
material = ExtResource("1_48h2g")

[node name="CSGPolygon3D4" type="CSGPolygon3D" parent="CSGCombiner3D"]
transform = Transform3D(5.96046e-08, 0, 1, 0.258819, 0.965926, -1.54268e-08, -0.965926, 0.258819, 5.75737e-08, 0, 0, 0)
lod_bias = 0.001
visibility_range_end = 128.0
polygon = PackedVector2Array(0, -0.5, 0, 0, 1.25, 0.5, 1.875, 0.5, 2.25, 0.75, 2, 0.325, 1.25, 0)
mode = 1
spin_degrees = 45.0
spin_sides = 6
smooth_faces = true
material = ExtResource("1_48h2g")

[node name="CSGCombiner3D2" type="CSGCombiner3D" parent="."]
transform = Transform3D(1, 0, 0, 0, 1, 0, 0, 0, 1, 0, -1, 0)
lod_bias = 0.001
visibility_range_end = 128.0

[node name="CSGPolygon3D" type="CSGPolygon3D" parent="CSGCombiner3D2"]
transform = Transform3D(0.965926, -0.258819, 0, 0.258819, 0.965926, 0, 0, 0, 1, 0, 0, 0)
lod_bias = 0.001
visibility_range_end = 128.0
polygon = PackedVector2Array(0, -0.5, 0, 0, 1.25, 0.5, 1.875, 0.5, 2.25, 0.75, 2, 0.325, 1.25, 0)
mode = 1
spin_degrees = 45.0
spin_sides = 6
smooth_faces = true
material = ExtResource("1_48h2g")

[node name="CSGPolygon3D2" type="CSGPolygon3D" parent="CSGCombiner3D2"]
transform = Transform3D(2.98023e-08, 0, -1, 0.258819, 0.965926, 7.71341e-09, 0.965926, -0.258819, 2.87868e-08, 0, 0, 0)
lod_bias = 0.001
visibility_range_end = 128.0
polygon = PackedVector2Array(0, -0.5, 0, 0, 1.25, 0.5, 1.875, 0.5, 2.25, 0.75, 2, 0.325, 1.25, 0)
mode = 1
spin_degrees = 45.0
spin_sides = 6
smooth_faces = true
material = ExtResource("1_48h2g")

[node name="CSGPolygon3D3" type="CSGPolygon3D" parent="CSGCombiner3D2"]
transform = Transform3D(-0.965926, 0.258819, 5.75737e-08, 0.258819, 0.965926, -1.54268e-08, -5.96046e-08, 0, -1, 0, 0, 0)
lod_bias = 0.001
visibility_range_end = 128.0
polygon = PackedVector2Array(0, -0.5, 0, 0, 1.25, 0.5, 1.875, 0.5, 2.25, 0.75, 2, 0.325, 1.25, 0)
mode = 1
spin_degrees = 45.0
spin_sides = 6
smooth_faces = true
material = ExtResource("1_48h2g")

[node name="CSGPolygon3D4" type="CSGPolygon3D" parent="CSGCombiner3D2"]
transform = Transform3D(5.96046e-08, 0, 1, 0.258819, 0.965926, -1.54268e-08, -0.965926, 0.258819, 5.75737e-08, 0, 0, 0)
lod_bias = 0.001
visibility_range_end = 128.0
polygon = PackedVector2Array(0, -0.5, 0, 0, 1.25, 0.5, 1.875, 0.5, 2.25, 0.75, 2, 0.325, 1.25, 0)
mode = 1
spin_degrees = 45.0
spin_sides = 6
smooth_faces = true
material = ExtResource("1_48h2g")

[node name="CSGCombiner3D3" type="CSGCombiner3D" parent="."]
transform = Transform3D(1, 0, 0, 0, 1, 0, 0, 0, 1, 0, 1, 0)
lod_bias = 0.001
visibility_range_end = 128.0

[node name="CSGPolygon3D" type="CSGPolygon3D" parent="CSGCombiner3D3"]
transform = Transform3D(0.965926, -0.258819, 0, 0.258819, 0.965926, 0, 0, 0, 1, 0, 0, 0)
lod_bias = 0.001
visibility_range_end = 128.0
polygon = PackedVector2Array(0, -0.5, 0, 0, 1.25, 0.5, 1.875, 0.5, 2.25, 0.75, 2, 0.325, 1.25, 0)
mode = 1
spin_degrees = 45.0
spin_sides = 6
smooth_faces = true
material = ExtResource("1_48h2g")

[node name="CSGPolygon3D2" type="CSGPolygon3D" parent="CSGCombiner3D3"]
transform = Transform3D(2.98023e-08, 0, -1, 0.258819, 0.965926, 7.71341e-09, 0.965926, -0.258819, 2.87868e-08, 0, 0, 0)
lod_bias = 0.001
visibility_range_end = 128.0
polygon = PackedVector2Array(0, -0.5, 0, 0, 1.25, 0.5, 1.875, 0.5, 2.25, 0.75, 2, 0.325, 1.25, 0)
mode = 1
spin_degrees = 45.0
spin_sides = 6
smooth_faces = true
material = ExtResource("1_48h2g")

[node name="CSGPolygon3D3" type="CSGPolygon3D" parent="CSGCombiner3D3"]
transform = Transform3D(-0.965926, 0.258819, 5.75737e-08, 0.258819, 0.965926, -1.54268e-08, -5.96046e-08, 0, -1, 0, 0, 0)
lod_bias = 0.001
visibility_range_end = 128.0
polygon = PackedVector2Array(0, -0.5, 0, 0, 1.25, 0.5, 1.875, 0.5, 2.25, 0.75, 2, 0.325, 1.25, 0)
mode = 1
spin_degrees = 45.0
spin_sides = 6
smooth_faces = true
material = ExtResource("1_48h2g")

[node name="CSGPolygon3D4" type="CSGPolygon3D" parent="CSGCombiner3D3"]
transform = Transform3D(5.96046e-08, 0, 1, 0.258819, 0.965926, -1.54268e-08, -0.965926, 0.258819, 5.75737e-08, 0, 0, 0)
lod_bias = 0.001
visibility_range_end = 128.0
polygon = PackedVector2Array(0, -0.5, 0, 0, 1.25, 0.5, 1.875, 0.5, 2.25, 0.75, 2, 0.325, 1.25, 0)
mode = 1
spin_degrees = 45.0
spin_sides = 6
smooth_faces = true
material = ExtResource("1_48h2g")

[node name="CSGCombiner3D4" type="CSGCombiner3D" parent="."]
transform = Transform3D(1, 0, 0, 0, 1, 0, 0, 0, 1, 0, 3, 0)
lod_bias = 0.001
visibility_range_end = 128.0

[node name="CSGPolygon3D" type="CSGPolygon3D" parent="CSGCombiner3D4"]
transform = Transform3D(0.965926, -0.258819, 0, 0.258819, 0.965926, 0, 0, 0, 1, 0, 0, 0)
lod_bias = 0.001
visibility_range_end = 128.0
polygon = PackedVector2Array(0, -0.5, 0, 0, 1.25, 0.5, 1.875, 0.5, 2.25, 0.75, 2, 0.325, 1.25, 0)
mode = 1
spin_degrees = 45.0
spin_sides = 6
smooth_faces = true
material = ExtResource("1_48h2g")

[node name="CSGPolygon3D2" type="CSGPolygon3D" parent="CSGCombiner3D4"]
transform = Transform3D(2.98023e-08, 0, -1, 0.258819, 0.965926, 7.71341e-09, 0.965926, -0.258819, 2.87868e-08, 0, 0, 0)
lod_bias = 0.001
visibility_range_end = 128.0
polygon = PackedVector2Array(0, -0.5, 0, 0, 1.25, 0.5, 1.875, 0.5, 2.25, 0.75, 2, 0.325, 1.25, 0)
mode = 1
spin_degrees = 45.0
spin_sides = 6
smooth_faces = true
material = ExtResource("1_48h2g")

[node name="CSGPolygon3D3" type="CSGPolygon3D" parent="CSGCombiner3D4"]
transform = Transform3D(-0.965926, 0.258819, 5.75737e-08, 0.258819, 0.965926, -1.54268e-08, -5.96046e-08, 0, -1, 0, 0, 0)
lod_bias = 0.001
visibility_range_end = 128.0
polygon = PackedVector2Array(0, -0.5, 0, 0, 1.25, 0.5, 1.875, 0.5, 2.25, 0.75, 2, 0.325, 1.25, 0)
mode = 1
spin_degrees = 45.0
spin_sides = 6
smooth_faces = true
material = ExtResource("1_48h2g")

[node name="CSGPolygon3D4" type="CSGPolygon3D" parent="CSGCombiner3D4"]
transform = Transform3D(5.96046e-08, 0, 1, 0.258819, 0.965926, -1.54268e-08, -0.965926, 0.258819, 5.75737e-08, 0, 0, 0)
lod_bias = 0.001
visibility_range_end = 128.0
polygon = PackedVector2Array(0, -0.5, 0, 0, 1.25, 0.5, 1.875, 0.5, 2.25, 0.75, 2, 0.325, 1.25, 0)
mode = 1
spin_degrees = 45.0
spin_sides = 6
smooth_faces = true
material = ExtResource("1_48h2g")
