[gd_scene load_steps=14 format=3 uid="uid://dwntpur850x6h"]

[ext_resource type="Material" uid="uid://r5ltwadino00" path="res://textures/ſןᴜȝ.tres" id="1_a3cfq"]
[ext_resource type="Material" uid="uid://ry6d8y443e3w" path="res://textures/ſɭᴜc̗ ɭʃɜ }ʃꞇ ſןᴜȝ.tres" id="2_ckyje"]

[sub_resource type="CylinderMesh" id="CylinderMesh_tqco1"]
material = ExtResource("1_a3cfq")
top_radius = 2.0
bottom_radius = 2.0
height = 32.0
radial_segments = 8
rings = 2

[sub_resource type="BoxMesh" id="BoxMesh_rkjbl"]
material = ExtResource("2_ckyje")
size = Vector3(0.25, 32, 0.5)

[sub_resource type="CylinderMesh" id="CylinderMesh_hah4t"]
material = ExtResource("1_a3cfq")
top_radius = 1.8
bottom_radius = 1.8
height = 1.0

[sub_resource type="BoxMesh" id="BoxMesh_0vrgh"]
material = ExtResource("2_ckyje")
size = Vector3(0.25, 8, 0.5)

[sub_resource type="CylinderMesh" id="CylinderMesh_63npm"]
material = ExtResource("1_a3cfq")
top_radius = 1.6
bottom_radius = 1.6
height = 1.0

[sub_resource type="CylinderMesh" id="CylinderMesh_0ntxc"]
material = ExtResource("1_a3cfq")
top_radius = 1.4
bottom_radius = 1.4
height = 1.0

[sub_resource type="CylinderMesh" id="CylinderMesh_2uetq"]
material = ExtResource("1_a3cfq")
top_radius = 1.2
bottom_radius = 1.2
height = 1.0

[sub_resource type="CylinderMesh" id="CylinderMesh_2d4yb"]
material = ExtResource("1_a3cfq")
top_radius = 1.0
bottom_radius = 1.0
height = 1.0

[sub_resource type="CylinderMesh" id="CylinderMesh_ri1df"]
material = ExtResource("1_a3cfq")
top_radius = 0.8
bottom_radius = 0.8
height = 1.0

[sub_resource type="CylinderMesh" id="CylinderMesh_14pm3"]
material = ExtResource("1_a3cfq")
top_radius = 0.6
bottom_radius = 0.6
height = 1.0

[sub_resource type="CylinderMesh" id="CylinderMesh_p40ob"]
material = ExtResource("1_a3cfq")
top_radius = 0.4
bottom_radius = 0.4
height = 1.0

[node name="ſɭˬᴜ j͑ʃɔ ı],ᴜƴ" type="Node3D"]

[node name="CSGMesh3D" type="CSGMesh3D" parent="."]
mesh = SubResource("CylinderMesh_tqco1")

[node name="CSGMesh3D2" type="CSGMesh3D" parent="CSGMesh3D"]
transform = Transform3D(1, 0, 0, 0, 1, 0, 0, 0, 1, 0, 0, 2)
mesh = SubResource("BoxMesh_rkjbl")

[node name="CSGMesh3D3" type="CSGMesh3D" parent="CSGMesh3D"]
transform = Transform3D(1, 0, 0, 0, 1, 0, 0, 0, 1, 0, 0, -2)
mesh = SubResource("BoxMesh_rkjbl")

[node name="CSGMesh3D4" type="CSGMesh3D" parent="CSGMesh3D"]
transform = Transform3D(0.707107, 0, -0.707107, 0, 1, 0, 0.707107, 0, 0.707107, -1.41421, 0, 1.41421)
mesh = SubResource("BoxMesh_rkjbl")

[node name="CSGMesh3D5" type="CSGMesh3D" parent="CSGMesh3D"]
transform = Transform3D(0.707107, 0, -0.707107, 0, 1, 0, 0.707107, 0, 0.707107, 1.41421, 0, -1.41421)
mesh = SubResource("BoxMesh_rkjbl")

[node name="CSGMesh3D6" type="CSGMesh3D" parent="CSGMesh3D"]
transform = Transform3D(-4.37114e-08, 0, -1, 0, 1, 0, 1, 0, -4.37114e-08, -2, 0, -8.74228e-08)
mesh = SubResource("BoxMesh_rkjbl")

[node name="CSGMesh3D7" type="CSGMesh3D" parent="CSGMesh3D"]
transform = Transform3D(-4.37114e-08, 0, -1, 0, 1, 0, 1, 0, -4.37114e-08, 2, 0, 8.74228e-08)
mesh = SubResource("BoxMesh_rkjbl")

[node name="CSGMesh3D8" type="CSGMesh3D" parent="CSGMesh3D"]
transform = Transform3D(-0.707107, 0, -0.707107, 0, 1, 0, 0.707107, 0, -0.707107, -1.41421, 0, -1.41421)
mesh = SubResource("BoxMesh_rkjbl")

[node name="CSGMesh3D9" type="CSGMesh3D" parent="CSGMesh3D"]
transform = Transform3D(-0.707107, 0, -0.707107, 0, 1, 0, 0.707107, 0, -0.707107, 1.41421, 0, 1.41421)
mesh = SubResource("BoxMesh_rkjbl")

[node name="CSGMesh3D10" type="CSGMesh3D" parent="CSGMesh3D"]
transform = Transform3D(1, 0, 0, 0, 1, 0, 0, 0, 1, 0, 16.5, 0)
mesh = SubResource("CylinderMesh_hah4t")

[node name="CSGMesh3D10" type="CSGMesh3D" parent="CSGMesh3D/CSGMesh3D10"]
transform = Transform3D(-0.707107, -0.147016, -0.691655, 0, 0.978148, -0.207912, 0.707107, -0.147016, -0.691655, 0.875, 3.5, 0.875)
mesh = SubResource("BoxMesh_0vrgh")

[node name="CSGMesh3D11" type="CSGMesh3D" parent="CSGMesh3D/CSGMesh3D10/CSGMesh3D10"]
transform = Transform3D(-1, 0, 0, 0, 0.913545, -0.406737, 0, -0.406737, -0.913545, 0, 0.514557, 2.42079)
mesh = SubResource("BoxMesh_0vrgh")

[node name="CSGMesh3D12" type="CSGMesh3D" parent="CSGMesh3D/CSGMesh3D10/CSGMesh3D10"]
transform = Transform3D(-2.98023e-08, 0.207912, 0.978148, -0.207912, 0.956773, -0.203368, -0.978148, -0.203368, 0.0432272, -1.23744, 0.257278, 1.2104)
mesh = SubResource("BoxMesh_0vrgh")

[node name="CSGMesh3D13" type="CSGMesh3D" parent="CSGMesh3D/CSGMesh3D10/CSGMesh3D10"]
transform = Transform3D(0, -0.207912, -0.978148, 0.207912, 0.956773, -0.203368, 0.978147, -0.203368, 0.0432273, 1.23744, 0.257278, 1.2104)
mesh = SubResource("BoxMesh_0vrgh")

[node name="CSGMesh3D14" type="CSGMesh3D" parent="CSGMesh3D/CSGMesh3D10/CSGMesh3D10"]
transform = Transform3D(-0.707107, 0.147016, 0.691655, -0.147016, 0.926207, -0.347172, -0.691655, -0.347172, -0.633313, -0.875, 0.439201, 2.06627)
mesh = SubResource("BoxMesh_0vrgh")

[node name="CSGMesh3D15" type="CSGMesh3D" parent="CSGMesh3D/CSGMesh3D10/CSGMesh3D10"]
transform = Transform3D(0.707107, -0.147016, -0.691655, 0.147016, 0.987339, -0.0595653, 0.691655, -0.0595653, 0.719768, 0.875, 0.0753555, 0.354517)
mesh = SubResource("BoxMesh_0vrgh")

[node name="CSGMesh3D16" type="CSGMesh3D" parent="CSGMesh3D/CSGMesh3D10/CSGMesh3D10"]
transform = Transform3D(-0.707107, -0.147016, -0.691655, 0.147016, 0.926207, -0.347172, 0.691655, -0.347172, -0.633313, 0.875, 0.439201, 2.06627)
mesh = SubResource("BoxMesh_0vrgh")

[node name="CSGMesh3D17" type="CSGMesh3D" parent="CSGMesh3D/CSGMesh3D10/CSGMesh3D10"]
transform = Transform3D(0.707107, 0.147016, 0.691655, -0.147016, 0.98734, -0.0595654, -0.691655, -0.0595654, 0.719768, -0.875, 0.0753555, 0.354517)
mesh = SubResource("BoxMesh_0vrgh")

[node name="CSGMesh3D3" type="CSGMesh3D" parent="CSGMesh3D/CSGMesh3D10"]
transform = Transform3D(1, 0, 0, 0, 1, 0, 0, 0, 1, 0, 1, 0)
mesh = SubResource("CylinderMesh_63npm")

[node name="CSGMesh3D4" type="CSGMesh3D" parent="CSGMesh3D/CSGMesh3D10"]
transform = Transform3D(1, 0, 0, 0, 1, 0, 0, 0, 1, 0, 2, 0)
mesh = SubResource("CylinderMesh_0ntxc")

[node name="CSGMesh3D5" type="CSGMesh3D" parent="CSGMesh3D/CSGMesh3D10"]
transform = Transform3D(1, 0, 0, 0, 1, 0, 0, 0, 1, 0, 3, 0)
mesh = SubResource("CylinderMesh_2uetq")

[node name="CSGMesh3D6" type="CSGMesh3D" parent="CSGMesh3D/CSGMesh3D10"]
transform = Transform3D(1, 0, 0, 0, 1, 0, 0, 0, 1, 0, 4, 0)
mesh = SubResource("CylinderMesh_2d4yb")

[node name="CSGMesh3D7" type="CSGMesh3D" parent="CSGMesh3D/CSGMesh3D10"]
transform = Transform3D(1, 0, 0, 0, 1, 0, 0, 0, 1, 0, 5, 0)
mesh = SubResource("CylinderMesh_ri1df")

[node name="CSGMesh3D8" type="CSGMesh3D" parent="CSGMesh3D/CSGMesh3D10"]
transform = Transform3D(1, 0, 0, 0, 1, 0, 0, 0, 1, 0, 6, 0)
mesh = SubResource("CylinderMesh_14pm3")

[node name="CSGMesh3D9" type="CSGMesh3D" parent="CSGMesh3D/CSGMesh3D10"]
transform = Transform3D(1, 0, 0, 0, 1, 0, 0, 0, 1, 0, 7, 0)
mesh = SubResource("CylinderMesh_p40ob")
