[gd_scene load_steps=8 format=3 uid="uid://cftl5emxfjr0k"]

[ext_resource type="Material" uid="uid://c5hddls4osx6d" path="res://textures/ɭʃэ ſ͔ɭэ.tres" id="1_a17fa"]
[ext_resource type="Material" uid="uid://dq3juhalicjmq" path="res://textures/ɭʃэ ֭ſɭc̗ᴜ.tres" id="2_qn44i"]

[sub_resource type="BoxMesh" id="BoxMesh_0p4s6"]
material = ExtResource("1_a17fa")
size = Vector3(2, 0.25, 8)

[sub_resource type="ConvexPolygonShape3D" id="ConvexPolygonShape3D_pf1vd"]
points = PackedVector3Array(1, 0.125, 4, 1, -0.125, 4, 1, 0.125, -4, -1, 0.125, 4, -1, -0.125, 4, 1, -0.125, -4, -1, 0.125, -4, -1, -0.125, -4)

[sub_resource type="BoxMesh" id="BoxMesh_akak8"]
material = ExtResource("2_qn44i")
size = Vector3(0.5, 0.25, 8)

[sub_resource type="ConvexPolygonShape3D" id="ConvexPolygonShape3D_mvn3e"]
points = PackedVector3Array(0.25, 0.125, 4, 0.25, -0.125, 4, 0.25, 0.125, -4, -0.25, 0.125, 4, -0.25, -0.125, 4, 0.25, -0.125, -4, -0.25, 0.125, -4, -0.25, -0.125, -4)

[sub_resource type="ConvexPolygonShape3D" id="ConvexPolygonShape3D_37i32"]
points = PackedVector3Array(0.25, 0.125, 4, 0.25, -0.125, 4, 0.25, 0.125, -4, -0.25, 0.125, 4, -0.25, -0.125, 4, 0.25, -0.125, -4, -0.25, 0.125, -4, -0.25, -0.125, -4)

[node name="ſȷꞇƽ" type="Node3D"]

[node name="StaticBody3D" type="StaticBody3D" parent="."]

[node name="ſȷɹƽ" type="MeshInstance3D" parent="StaticBody3D"]
transform = Transform3D(-1, 2.18557e-08, -8.15665e-08, -2.18557e-08, 0.866025, 0.5, 8.15666e-08, 0.5, -0.866025, 0, 0, 0)
mesh = SubResource("BoxMesh_0p4s6")
skeleton = NodePath("../..")

[node name="CollisionShape3D" type="CollisionShape3D" parent="StaticBody3D"]
transform = Transform3D(-1, 2.18557e-08, -8.15665e-08, -2.18557e-08, 0.866025, 0.5, 8.15666e-08, 0.5, -0.866025, 0, 0, 0)
shape = SubResource("ConvexPolygonShape3D_pf1vd")

[node name="MeshInstance3D2" type="MeshInstance3D" parent="StaticBody3D"]
transform = Transform3D(-1, 2.18557e-08, -8.15665e-08, -2.18557e-08, 0.866025, 0.5, 8.15666e-08, 0.5, -0.866025, -1.25, -2.73196e-08, 1.01958e-07)
mesh = SubResource("BoxMesh_akak8")
skeleton = NodePath("../..")

[node name="CollisionShape3D2" type="CollisionShape3D" parent="StaticBody3D"]
transform = Transform3D(-1, 2.18557e-08, -8.15665e-08, -2.18557e-08, 0.866025, 0.5, 8.15666e-08, 0.5, -0.866025, -1.25, -2.73196e-08, 1.01958e-07)
shape = SubResource("ConvexPolygonShape3D_mvn3e")

[node name="MeshInstance3D3" type="MeshInstance3D" parent="StaticBody3D"]
transform = Transform3D(-1, 2.18557e-08, -8.15665e-08, -2.18557e-08, 0.866025, 0.5, 8.15666e-08, 0.5, -0.866025, 1.25, 2.73196e-08, -1.01958e-07)
mesh = SubResource("BoxMesh_akak8")
skeleton = NodePath("../..")

[node name="CollisionShape3D3" type="CollisionShape3D" parent="StaticBody3D"]
transform = Transform3D(-1, 2.18557e-08, -8.15665e-08, -2.18557e-08, 0.866025, 0.5, 8.15666e-08, 0.5, -0.866025, 1.25, 2.73196e-08, -1.01958e-07)
shape = SubResource("ConvexPolygonShape3D_37i32")
