[gd_scene load_steps=13 format=3 uid="uid://ig2si02tkchh"]

[ext_resource type="Material" uid="uid://r5ltwadino00" path="res://textures/ſןᴜȝ.tres" id="1_fjeyu"]
[ext_resource type="PackedScene" uid="uid://nfto11oefe6o" path="res://ſןᴜȝ/ſɭɔƽ j͑ʃɔ ſןᴜȝ/ſɭᴜc̗ ɭʃɜ }ʃꞇ j͑ʃп́ɔ j͑ʃᴜ ɭʃᴜͷ̗.tscn" id="2_smv7v"]
[ext_resource type="Script" path="res://j͑ʃɹ ſɭɹ ſןɹ }ʃꞇ/ſɭw ſ̀ȷᴜꞇ.gd" id="3_i0216"]
[ext_resource type="PackedScene" uid="uid://mtmehldeug66" path="res://ꞁȷ̀ᴜ ɽ͑ʃᴜȝ/ɭl̀э j͑ʃᴜ ɭʃᴜͷ̗.tscn" id="4_pp451"]
[ext_resource type="PackedScene" uid="uid://6qa6i8b4g334" path="res://ſןᴜȝ/ſɭɔƽ j͑ʃɔ ſןᴜȝ/ſɭɔⰱ.tscn" id="4_r3lb8"]

[sub_resource type="BoxMesh" id="BoxMesh_17838"]
material = ExtResource("1_fjeyu")
size = Vector3(8, 4, 8)

[sub_resource type="ConvexPolygonShape3D" id="ConvexPolygonShape3D_h1pol"]
points = PackedVector3Array(-4, -2, -4, -4, 2, -4, 4, -2, -4, -4, -2, 4, -4, 2, 4, 4, 2, -4, 4, -2, 4, 4, 2, 4)

[sub_resource type="BoxMesh" id="BoxMesh_t57sr"]
material = ExtResource("1_fjeyu")
size = Vector3(6, 4, 6)

[sub_resource type="ConvexPolygonShape3D" id="ConvexPolygonShape3D_jehk1"]
points = PackedVector3Array(-3, -2, -3, -3, 2, -3, 3, -2, -3, -3, -2, 3, -3, 2, 3, 3, 2, -3, 3, -2, 3, 3, 2, 3)

[sub_resource type="BoxMesh" id="BoxMesh_rkk85"]
material = ExtResource("1_fjeyu")
size = Vector3(4, 4, 4)

[sub_resource type="ConvexPolygonShape3D" id="ConvexPolygonShape3D_k0of7"]
points = PackedVector3Array(2, 2, 2, 2, 2, -2, -2, 2, 2, 2, -2, 2, 2, -2, -2, -2, 2, -2, -2, -2, 2, -2, -2, -2)

[sub_resource type="ConvexPolygonShape3D" id="ConvexPolygonShape3D_ijoro"]
points = PackedVector3Array(-1, -1.25, -0.5, -1, -1.25, 0.5, -1, 1.25, -0.5, 1, -1.25, -0.5, 1, -1.25, 0.5, -1, 1.25, 0.5, 1, 1.25, -0.5, 1, 1.25, 0.5)

[node name="j͑ʃᴜ ɭʃᴜͷ̗" type="Node3D"]

[node name="j͑ʃᴜ ɭʃᴜͷ̗" type="StaticBody3D" parent="."]
transform = Transform3D(1, 0, 0, 0, 1, 0, 0, 0, 1, 0, 1, 0)

[node name="MeshInstance3D" type="MeshInstance3D" parent="j͑ʃᴜ ɭʃᴜͷ̗"]
transform = Transform3D(1, 0, 0, 0, 1, 0, 0, 0, 1, 0, 1, 1)
mesh = SubResource("BoxMesh_17838")

[node name="ſɭᴜc̗ ɭʃɜ }ʃꞇ" parent="j͑ʃᴜ ɭʃᴜͷ̗/MeshInstance3D" instance=ExtResource("2_smv7v")]

[node name="ſɭᴜc̗ ɭʃɜ }ʃꞇ ɿ" parent="j͑ʃᴜ ɭʃᴜͷ̗/MeshInstance3D" instance=ExtResource("2_smv7v")]
transform = Transform3D(-0.5, 0, 0.866025, 0, 1, 0, -0.866025, 0, -0.5, 5, 0, 5)

[node name="ſɭᴜc̗ ɭʃɜ }ʃꞇ ц" parent="j͑ʃᴜ ɭʃᴜͷ̗/MeshInstance3D" instance=ExtResource("2_smv7v")]
transform = Transform3D(-0.866025, 0, -0.5, 0, 1, 0, 0.5, 0, -0.866025, 5, 0, -5)

[node name="ſɭᴜc̗ ɭʃɜ }ʃꞇ э" parent="j͑ʃᴜ ɭʃᴜͷ̗/MeshInstance3D" instance=ExtResource("2_smv7v")]
transform = Transform3D(0.5, 0, -0.866025, 0, 1, 0, 0.866025, 0, 0.5, -5, 0, -5)

[node name="CollisionShape3D" type="CollisionShape3D" parent="j͑ʃᴜ ɭʃᴜͷ̗"]
transform = Transform3D(1, 0, 0, 0, 1, 0, 0, 0, 1, 0, 1, 1)
shape = SubResource("ConvexPolygonShape3D_h1pol")

[node name="MeshInstance3D2" type="MeshInstance3D" parent="j͑ʃᴜ ɭʃᴜͷ̗"]
transform = Transform3D(1, 0, 0, 0, 1, 0, 0, 0, 1, 0, 5, 1)
mesh = SubResource("BoxMesh_t57sr")

[node name="ſɭᴜc̗ ɭʃɜ }ʃꞇ" parent="j͑ʃᴜ ɭʃᴜͷ̗/MeshInstance3D2" instance=ExtResource("2_smv7v")]
transform = Transform3D(0.866025, 0, 0.5, 0, 1, 0, -0.5, 0, 0.866025, -4, 0, 4)

[node name="ſɭᴜc̗ ɭʃɜ }ʃꞇ ɿ" parent="j͑ʃᴜ ɭʃᴜͷ̗/MeshInstance3D2" instance=ExtResource("2_smv7v")]
transform = Transform3D(-0.5, 0, 0.866025, 0, 1, 0, -0.866025, 0, -0.5, 4, 0, 4)

[node name="ſɭᴜc̗ ɭʃɜ }ʃꞇ ц" parent="j͑ʃᴜ ɭʃᴜͷ̗/MeshInstance3D2" instance=ExtResource("2_smv7v")]
transform = Transform3D(-0.866025, 0, -0.5, 0, 1, 0, 0.5, 0, -0.866025, 4, 0, -4)

[node name="ſɭᴜc̗ ɭʃɜ }ʃꞇ э" parent="j͑ʃᴜ ɭʃᴜͷ̗/MeshInstance3D2" instance=ExtResource("2_smv7v")]
transform = Transform3D(0.5, 0, -0.866025, 0, 1, 0, 0.866025, 0, 0.5, -4, 0, -4)
polygon = PackedVector2Array(0.935415, 2.25987, 0.625, 2.725, 0.25, 3, 1, 3, 1.5, 2.845, 1.875, 2.5, 2, 1.75, 2, -2, 1, -2)

[node name="CollisionShape3D2" type="CollisionShape3D" parent="j͑ʃᴜ ɭʃᴜͷ̗"]
transform = Transform3D(1, 0, 0, 0, 1, 0, 0, 0, 1, 0, 5, 1)
shape = SubResource("ConvexPolygonShape3D_jehk1")

[node name="MeshInstance3D3" type="MeshInstance3D" parent="j͑ʃᴜ ɭʃᴜͷ̗"]
transform = Transform3D(1, 0, 0, 0, 1, 0, 0, 0, 1, 0, 9, 1)
mesh = SubResource("BoxMesh_rkk85")

[node name="ſɭᴜc̗ ɭʃɜ }ʃꞇ" parent="j͑ʃᴜ ɭʃᴜͷ̗/MeshInstance3D3" instance=ExtResource("2_smv7v")]
transform = Transform3D(0.866025, 0, 0.5, 0, 1, 0, -0.5, 0, 0.866025, -3, 0, 3)

[node name="ſɭᴜc̗ ɭʃɜ }ʃꞇ ɿ" parent="j͑ʃᴜ ɭʃᴜͷ̗/MeshInstance3D3" instance=ExtResource("2_smv7v")]
transform = Transform3D(-0.5, 0, 0.866025, 0, 1, 0, -0.866025, 0, -0.5, 3, 0, 3)

[node name="ſɭᴜc̗ ɭʃɜ }ʃꞇ ц" parent="j͑ʃᴜ ɭʃᴜͷ̗/MeshInstance3D3" instance=ExtResource("2_smv7v")]
transform = Transform3D(-0.866025, 0, -0.5, 0, 1, 0, 0.5, 0, -0.866025, 3, 0, -3)

[node name="ſɭᴜc̗ ɭʃɜ }ʃꞇ э" parent="j͑ʃᴜ ɭʃᴜͷ̗/MeshInstance3D3" instance=ExtResource("2_smv7v")]
transform = Transform3D(0.5, 0, -0.866025, 0, 1, 0, 0.866025, 0, 0.5, -3, 0, -3)

[node name="CollisionShape3D3" type="CollisionShape3D" parent="j͑ʃᴜ ɭʃᴜͷ̗"]
transform = Transform3D(1, 0, 0, 0, 1, 0, 0, 0, 1, 0, 9, 1)
shape = SubResource("ConvexPolygonShape3D_k0of7")

[node name="ſɭɔⰱ" type="Area3D" parent="j͑ʃᴜ ɭʃᴜͷ̗" groups=["ꞁȷ̀ɜ ſɭw ſ̀ȷᴜꞇ", "ꞁȷ̀ɜ ſɭɔ˞ꞇ ɽ͑ʃɹ"]]
transform = Transform3D(1, 0, 0, 0, 1, 0, 0, 0, 1, 0, 0, 5)
collision_layer = 2
collision_mask = 0
script = ExtResource("3_i0216")
"អារាង" = ExtResource("4_pp451")

[node name="ꞁȷ̀ᴜ ſ̀ȷɔ" type="CollisionShape3D" parent="j͑ʃᴜ ɭʃᴜͷ̗/ſɭɔⰱ"]
transform = Transform3D(1, 0, 0, 0, 1, 0, 0, 0, 1, 0, 0.25, 0.5)
shape = SubResource("ConvexPolygonShape3D_ijoro")

[node name="ſɭɔⰱ" parent="j͑ʃᴜ ɭʃᴜͷ̗/ſɭɔⰱ" instance=ExtResource("4_r3lb8")]

[connection signal="body_entered" from="j͑ʃᴜ ɭʃᴜͷ̗/ſɭɔⰱ" to="j͑ʃᴜ ɭʃᴜͷ̗/ſɭɔⰱ" method="_on_body_entered"]
[connection signal="body_exited" from="j͑ʃᴜ ɭʃᴜͷ̗/ſɭɔⰱ" to="j͑ʃᴜ ɭʃᴜͷ̗/ſɭɔⰱ" method="_on_body_exited"]
