[gd_scene load_steps=20 format=3 uid="uid://cvq5nvlx3pf3m"]

[ext_resource type="Material" uid="uid://r5ltwadino00" path="res://textures/ſןᴜȝ.tres" id="1_1pskm"]
[ext_resource type="BoxMesh" uid="uid://t8bgjsr0a5sd" path="res://textures/}ʃᴜ ſɭɜ ı],ᴜ/ſɟɔ }ʃɹ ᶅſw ſɭɹ.tres" id="2_84fau"]
[ext_resource type="Material" uid="uid://ry6d8y443e3w" path="res://textures/ſɭᴜc̗ ɭʃɜ }ʃꞇ ſןᴜȝ.tres" id="3_kkjei"]

[sub_resource type="BoxMesh" id="BoxMesh_fp4to"]
material = ExtResource("1_1pskm")
size = Vector3(8, 16, 8)

[sub_resource type="BoxMesh" id="BoxMesh_wn8k6"]
material = ExtResource("3_kkjei")

[sub_resource type="BoxMesh" id="BoxMesh_wnvfq"]
material = ExtResource("3_kkjei")

[sub_resource type="ConvexPolygonShape3D" id="ConvexPolygonShape3D_eemhn"]
points = PackedVector3Array(-0.5, -8, -0.5, -0.5, -8, 0.5, -0.5, 8, -0.5, 0.5, -8, -0.5, 0.5, -8, 0.5, -0.5, 8, 0.5, 0.5, 8, -0.5, 0.5, 8, 0.5)

[sub_resource type="ConvexPolygonShape3D" id="ConvexPolygonShape3D_7blih"]
points = PackedVector3Array(0.5, 7.56466, 0.5, -0.568965, -8.06897, -0.568965, -0.568965, -8.06897, 0.534483, -0.568965, 8.06897, -0.568965, 0.534483, -8.06897, -0.568965, -0.568965, 8.06897, 0.534483, 0.534483, 8.06897, -0.568965, 0.5, -7.56466, 0.5)

[sub_resource type="ConvexPolygonShape3D" id="ConvexPolygonShape3D_4lxwo"]
points = PackedVector3Array(-0.5, -8, -0.5, -0.5, -8, 0.5, -0.5, 8, -0.5, 0.5, -8, -0.5, 0.5, -8, 0.5, -0.5, 8, 0.5, 0.5, 8, -0.5, 0.5, 8, 0.5)

[sub_resource type="ConvexPolygonShape3D" id="ConvexPolygonShape3D_4gqjn"]
points = PackedVector3Array(-0.5, -8, -0.5, -0.5, -8, 0.5, -0.5, 8, -0.5, 0.5, -8, -0.5, 0.5, -8, 0.5, -0.5, 8, 0.5, 0.5, 8, -0.5, 0.5, 8, 0.5)

[sub_resource type="ConvexPolygonShape3D" id="ConvexPolygonShape3D_8upg2"]
points = PackedVector3Array(-4, -2, -4, -4, 2, -4, 4, -2, -4, -4, -2, 4, -4, 2, 4, 4, 2, -4, 4, -2, 4, 4, 2, 4)

[sub_resource type="BoxMesh" id="BoxMesh_772fj"]
material = ExtResource("1_1pskm")
size = Vector3(6, 16, 6)

[sub_resource type="ConvexPolygonShape3D" id="ConvexPolygonShape3D_1ga0l"]
points = PackedVector3Array(-3, -2, -3, -3, 2, -3, 3, -2, -3, -3, -2, 3, -3, 2, 3, 3, 2, -3, 3, -2, 3, 3, 2, 3)

[sub_resource type="BoxMesh" id="BoxMesh_qgjtg"]
material = ExtResource("1_1pskm")
size = Vector3(4, 16, 4)

[sub_resource type="ConvexPolygonShape3D" id="ConvexPolygonShape3D_e6efm"]
points = PackedVector3Array(2, 2, 2, 2, 2, -2, -2, 2, 2, 2, -2, 2, 2, -2, -2, -2, 2, -2, -2, -2, 2, -2, -2, -2)

[sub_resource type="StandardMaterial3D" id="StandardMaterial3D_q7qb8"]
albedo_color = Color(0, 0, 0, 1)

[sub_resource type="BoxMesh" id="BoxMesh_itece"]
material = SubResource("StandardMaterial3D_q7qb8")
size = Vector3(1, 2.5, 0.25)

[sub_resource type="StandardMaterial3D" id="StandardMaterial3D_laco3"]
albedo_color = Color(0, 0, 0, 1)

[sub_resource type="PrismMesh" id="PrismMesh_ds7vy"]
material = SubResource("StandardMaterial3D_laco3")
left_to_right = 0.0
size = Vector3(0.5, 2.5, 0.25)

[node name="ſןᴜȝ ᶅſw ſɭɹ" type="Node3D"]

[node name="ſןᴜȝ ᶅſw ſɭɹ" type="StaticBody3D" parent="."]
transform = Transform3D(1, 0, 0, 0, 1, 0, 0, 0, 1, 0, 1, 0)

[node name="MeshInstance3D" type="MeshInstance3D" parent="ſןᴜȝ ᶅſw ſɭɹ"]
transform = Transform3D(1, 0, 0, 0, 1, 0, 0, 0, 1, 0, 7, 1)
mesh = SubResource("BoxMesh_fp4to")

[node name="StaticBody3D" type="StaticBody3D" parent="ſןᴜȝ ᶅſw ſɭɹ/MeshInstance3D"]
transform = Transform3D(1, 0, 0, 0, 1, 0, 0, 0, 1, 0, -1, -1)

[node name="MeshInstance3D4" type="MeshInstance3D" parent="ſןᴜȝ ᶅſw ſɭɹ/MeshInstance3D/StaticBody3D"]
transform = Transform3D(1, 0, 0, 0, 1, 0, 0, 0, 1, -4, 1, 5)
mesh = ExtResource("2_84fau")

[node name="MeshInstance3D10" type="MeshInstance3D" parent="ſןᴜȝ ᶅſw ſɭɹ/MeshInstance3D/StaticBody3D/MeshInstance3D4"]
transform = Transform3D(0.997564, -0.0697564, 0, 0.0695865, 0.995134, -0.0697564, 0.00486596, 0.0695865, 0.997564, -0.0309982, 8.4, 0.0309982)
mesh = SubResource("BoxMesh_wn8k6")
skeleton = NodePath("../../../..")

[node name="MeshInstance3D11" type="MeshInstance3D" parent="ſןᴜȝ ᶅſw ſɭɹ/MeshInstance3D/StaticBody3D/MeshInstance3D4"]
transform = Transform3D(0.978147, -0.207912, 0, 0.203368, 0.956772, -0.207912, 0.0432273, 0.203368, 0.978147, -0.130001, 9.283, 0.129997)
mesh = SubResource("BoxMesh_wnvfq")
skeleton = NodePath("../../../..")

[node name="CollisionShape3D" type="CollisionShape3D" parent="ſןᴜȝ ᶅſw ſɭɹ/MeshInstance3D/StaticBody3D"]
transform = Transform3D(1, 0, 0, 0, 1, 0, 0, 0, 1, -4, 1, 5)
shape = SubResource("ConvexPolygonShape3D_eemhn")

[node name="MeshInstance3D5" type="MeshInstance3D" parent="ſןᴜȝ ᶅſw ſɭɹ/MeshInstance3D/StaticBody3D"]
transform = Transform3D(1, 0, 0, 0, 1, 0, 0, 0, 1, 4, 1, 5)
mesh = ExtResource("2_84fau")
skeleton = NodePath("../../..")

[node name="MeshInstance3D10" type="MeshInstance3D" parent="ſןᴜȝ ᶅſw ſɭɹ/MeshInstance3D/StaticBody3D/MeshInstance3D5"]
transform = Transform3D(0.00486592, 0.0695865, 0.997564, 0.0695865, 0.995134, -0.0697564, -0.997564, 0.0697564, -4.40694e-08, 0.0319977, 8.4, 0.0319977)
mesh = SubResource("BoxMesh_wn8k6")
skeleton = NodePath("../../../..")

[node name="MeshInstance3D11" type="MeshInstance3D" parent="ſןᴜȝ ᶅſw ſɭɹ/MeshInstance3D/StaticBody3D/MeshInstance3D5"]
transform = Transform3D(0.0261497, 0.206966, 0.977998, 0.203368, 0.956773, -0.207912, -0.978753, 0.204331, -0.017071, 0.129997, 9.283, 0.129997)
mesh = SubResource("BoxMesh_wnvfq")
skeleton = NodePath("../../../..")

[node name="CollisionShape3D2" type="CollisionShape3D" parent="ſןᴜȝ ᶅſw ſɭɹ/MeshInstance3D/StaticBody3D"]
transform = Transform3D(1, 0, 0, 0, 1, 0, 0, 0, 1, 4, 1, 5)
shape = SubResource("ConvexPolygonShape3D_7blih")

[node name="MeshInstance3D6" type="MeshInstance3D" parent="ſןᴜȝ ᶅſw ſɭɹ/MeshInstance3D/StaticBody3D"]
transform = Transform3D(1, 0, 0, 0, 1, 0, 0, 0, 1, -4, 1, -3)
mesh = ExtResource("2_84fau")

[node name="MeshInstance3D10" type="MeshInstance3D" parent="ſןᴜȝ ᶅſw ſɭɹ/MeshInstance3D/StaticBody3D/MeshInstance3D6"]
transform = Transform3D(-0.00486601, -0.0695865, -0.997564, 0.0695865, 0.995134, -0.0697564, 0.997564, -0.0697564, -4.31404e-08, -0.0320015, 8.4, -0.0319977)
mesh = SubResource("BoxMesh_wn8k6")
skeleton = NodePath("../../../..")

[node name="MeshInstance3D11" type="MeshInstance3D" parent="ſןᴜȝ ᶅſw ſɭɹ/MeshInstance3D/StaticBody3D/MeshInstance3D6"]
transform = Transform3D(-0.0261497, -0.206966, -0.977998, 0.203368, 0.956773, -0.207912, 0.978753, -0.204331, 0.017071, -0.130001, 9.283, -0.130005)
mesh = SubResource("BoxMesh_wnvfq")
skeleton = NodePath("../../../..")

[node name="CollisionShape3D3" type="CollisionShape3D" parent="ſןᴜȝ ᶅſw ſɭɹ/MeshInstance3D/StaticBody3D"]
transform = Transform3D(1, 0, 0, 0, 1, 0, 0, 0, 1, -4, 1, -3)
shape = SubResource("ConvexPolygonShape3D_4lxwo")

[node name="MeshInstance3D7" type="MeshInstance3D" parent="ſןᴜȝ ᶅſw ſɭɹ/MeshInstance3D/StaticBody3D"]
transform = Transform3D(1, 0, 0, 0, 1, 0, 0, 0, 1, 4, 1, -3)
mesh = ExtResource("2_84fau")

[node name="MeshInstance3D10" type="MeshInstance3D" parent="ſןᴜȝ ᶅſw ſɭɹ/MeshInstance3D/StaticBody3D/MeshInstance3D7"]
transform = Transform3D(-0.997564, 0.0697564, -8.71043e-08, 0.0695865, 0.995134, -0.0697564, -0.00486588, -0.0695865, -0.997564, 0.0179977, 8.4, -0.0180054)
mesh = SubResource("BoxMesh_wn8k6")
skeleton = NodePath("../../../..")

[node name="MeshInstance3D11" type="MeshInstance3D" parent="ſןᴜȝ ᶅſw ſɭɹ/MeshInstance3D/StaticBody3D/MeshInstance3D7"]
transform = Transform3D(-0.978753, 0.204331, -0.0170711, 0.203368, 0.956773, -0.207912, -0.0261496, -0.206966, -0.977999, 0.111, 9.283, -0.110992)
mesh = SubResource("BoxMesh_wnvfq")
skeleton = NodePath("../../../..")

[node name="CollisionShape3D4" type="CollisionShape3D" parent="ſןᴜȝ ᶅſw ſɭɹ/MeshInstance3D/StaticBody3D"]
transform = Transform3D(1, 0, 0, 0, 1, 0, 0, 0, 1, 4, 1, -3)
shape = SubResource("ConvexPolygonShape3D_4gqjn")

[node name="CollisionShape3D" type="CollisionShape3D" parent="ſןᴜȝ ᶅſw ſɭɹ"]
transform = Transform3D(1, 0, 0, 0, 1, 0, 0, 0, 1, 0, 1, 1)
shape = SubResource("ConvexPolygonShape3D_8upg2")

[node name="MeshInstance3D2" type="MeshInstance3D" parent="ſןᴜȝ ᶅſw ſɭɹ"]
transform = Transform3D(1, 0, 0, 0, 1, 0, 0, 0, 1, 0, 23, 1)
mesh = SubResource("BoxMesh_772fj")

[node name="StaticBody3D2" type="StaticBody3D" parent="ſןᴜȝ ᶅſw ſɭɹ/MeshInstance3D2"]
transform = Transform3D(1, 0, 0, 0, 1, 0, 0, 0, 1, 0, -0.5, -1)

[node name="MeshInstance3D4" type="MeshInstance3D" parent="ſןᴜȝ ᶅſw ſɭɹ/MeshInstance3D2/StaticBody3D2"]
transform = Transform3D(1, 0, 0, 0, 1, 0, 0, 0, 1, -3, 1, 4)
mesh = ExtResource("2_84fau")

[node name="MeshInstance3D10" type="MeshInstance3D" parent="ſןᴜȝ ᶅſw ſɭɹ/MeshInstance3D2/StaticBody3D2/MeshInstance3D4"]
transform = Transform3D(0.997564, -0.0697564, 0, 0.0695865, 0.995134, -0.0697564, 0.00486596, 0.0695865, 0.997564, -0.0309982, 8.4, 0.0309982)
mesh = SubResource("BoxMesh_wn8k6")
skeleton = NodePath("../../../..")

[node name="MeshInstance3D11" type="MeshInstance3D" parent="ſןᴜȝ ᶅſw ſɭɹ/MeshInstance3D2/StaticBody3D2/MeshInstance3D4"]
transform = Transform3D(0.978147, -0.207912, 0, 0.203368, 0.956772, -0.207912, 0.0432273, 0.203368, 0.978147, -0.130001, 9.283, 0.129997)
mesh = SubResource("BoxMesh_wnvfq")
skeleton = NodePath("../../../..")

[node name="CollisionShape3D" type="CollisionShape3D" parent="ſןᴜȝ ᶅſw ſɭɹ/MeshInstance3D2/StaticBody3D2"]
transform = Transform3D(1, 0, 0, 0, 1, 0, 0, 0, 1, -3, 1, 4)
shape = SubResource("ConvexPolygonShape3D_eemhn")

[node name="MeshInstance3D5" type="MeshInstance3D" parent="ſןᴜȝ ᶅſw ſɭɹ/MeshInstance3D2/StaticBody3D2"]
transform = Transform3D(1, 0, 0, 0, 1, 0, 0, 0, 1, 3, 1, 4)
mesh = ExtResource("2_84fau")
skeleton = NodePath("../../..")

[node name="MeshInstance3D10" type="MeshInstance3D" parent="ſןᴜȝ ᶅſw ſɭɹ/MeshInstance3D2/StaticBody3D2/MeshInstance3D5"]
transform = Transform3D(0.00486592, 0.0695865, 0.997564, 0.0695865, 0.995134, -0.0697564, -0.997564, 0.0697564, -4.40694e-08, 0.0319977, 8.4, 0.0319977)
mesh = SubResource("BoxMesh_wn8k6")
skeleton = NodePath("../../../..")

[node name="MeshInstance3D11" type="MeshInstance3D" parent="ſןᴜȝ ᶅſw ſɭɹ/MeshInstance3D2/StaticBody3D2/MeshInstance3D5"]
transform = Transform3D(0.0261497, 0.206966, 0.977998, 0.203368, 0.956773, -0.207912, -0.978753, 0.204331, -0.017071, 0.129997, 9.283, 0.129997)
mesh = SubResource("BoxMesh_wnvfq")
skeleton = NodePath("../../../..")

[node name="CollisionShape3D2" type="CollisionShape3D" parent="ſןᴜȝ ᶅſw ſɭɹ/MeshInstance3D2/StaticBody3D2"]
transform = Transform3D(1, 0, 0, 0, 1, 0, 0, 0, 1, 3, 1, 4)
shape = SubResource("ConvexPolygonShape3D_7blih")

[node name="MeshInstance3D6" type="MeshInstance3D" parent="ſןᴜȝ ᶅſw ſɭɹ/MeshInstance3D2/StaticBody3D2"]
transform = Transform3D(1, 0, 0, 0, 1, 0, 0, 0, 1, -3, 1, -2)
mesh = ExtResource("2_84fau")

[node name="MeshInstance3D10" type="MeshInstance3D" parent="ſןᴜȝ ᶅſw ſɭɹ/MeshInstance3D2/StaticBody3D2/MeshInstance3D6"]
transform = Transform3D(-0.00486601, -0.0695865, -0.997564, 0.0695865, 0.995134, -0.0697564, 0.997564, -0.0697564, -4.31404e-08, -0.0320015, 8.4, -0.0319977)
mesh = SubResource("BoxMesh_wn8k6")
skeleton = NodePath("../../../..")

[node name="MeshInstance3D11" type="MeshInstance3D" parent="ſןᴜȝ ᶅſw ſɭɹ/MeshInstance3D2/StaticBody3D2/MeshInstance3D6"]
transform = Transform3D(-0.0261497, -0.206966, -0.977998, 0.203368, 0.956773, -0.207912, 0.978753, -0.204331, 0.017071, -0.130001, 9.283, -0.130005)
mesh = SubResource("BoxMesh_wnvfq")
skeleton = NodePath("../../../..")

[node name="CollisionShape3D3" type="CollisionShape3D" parent="ſןᴜȝ ᶅſw ſɭɹ/MeshInstance3D2/StaticBody3D2"]
transform = Transform3D(1, 0, 0, 0, 1, 0, 0, 0, 1, -3, 1, -2)
shape = SubResource("ConvexPolygonShape3D_4lxwo")

[node name="MeshInstance3D7" type="MeshInstance3D" parent="ſןᴜȝ ᶅſw ſɭɹ/MeshInstance3D2/StaticBody3D2"]
transform = Transform3D(1, 0, 0, 0, 1, 0, 0, 0, 1, 3, 1, -2)
mesh = ExtResource("2_84fau")

[node name="MeshInstance3D10" type="MeshInstance3D" parent="ſןᴜȝ ᶅſw ſɭɹ/MeshInstance3D2/StaticBody3D2/MeshInstance3D7"]
transform = Transform3D(-0.997564, 0.0697564, -8.71043e-08, 0.0695865, 0.995134, -0.0697564, -0.00486588, -0.0695865, -0.997564, 0.0179977, 8.4, -0.0180054)
mesh = SubResource("BoxMesh_wn8k6")
skeleton = NodePath("../../../..")

[node name="MeshInstance3D11" type="MeshInstance3D" parent="ſןᴜȝ ᶅſw ſɭɹ/MeshInstance3D2/StaticBody3D2/MeshInstance3D7"]
transform = Transform3D(-0.978753, 0.204331, -0.0170711, 0.203368, 0.956773, -0.207912, -0.0261496, -0.206966, -0.977999, 0.111, 9.283, -0.110992)
mesh = SubResource("BoxMesh_wnvfq")
skeleton = NodePath("../../../..")

[node name="CollisionShape3D4" type="CollisionShape3D" parent="ſןᴜȝ ᶅſw ſɭɹ/MeshInstance3D2/StaticBody3D2"]
transform = Transform3D(1, 0, 0, 0, 1, 0, 0, 0, 1, 3, 1, -2)
shape = SubResource("ConvexPolygonShape3D_4gqjn")

[node name="CollisionShape3D2" type="CollisionShape3D" parent="ſןᴜȝ ᶅſw ſɭɹ"]
transform = Transform3D(1, 0, 0, 0, 1, 0, 0, 0, 1, 0, 5, 1)
shape = SubResource("ConvexPolygonShape3D_1ga0l")

[node name="MeshInstance3D3" type="MeshInstance3D" parent="ſןᴜȝ ᶅſw ſɭɹ"]
transform = Transform3D(1, 0, 0, 0, 1, 0, 0, 0, 1, 0, 39, 1)
mesh = SubResource("BoxMesh_qgjtg")

[node name="StaticBody3D3" type="StaticBody3D" parent="ſןᴜȝ ᶅſw ſɭɹ/MeshInstance3D3"]
transform = Transform3D(1, 0, 0, 0, 1, 0, 0, 0, 1, 0, -1, -1)

[node name="MeshInstance3D4" type="MeshInstance3D" parent="ſןᴜȝ ᶅſw ſɭɹ/MeshInstance3D3/StaticBody3D3"]
transform = Transform3D(1, 0, 0, 0, 1, 0, 0, 0, 1, -2, 1, 3)
mesh = ExtResource("2_84fau")

[node name="MeshInstance3D10" type="MeshInstance3D" parent="ſןᴜȝ ᶅſw ſɭɹ/MeshInstance3D3/StaticBody3D3/MeshInstance3D4"]
transform = Transform3D(0.997564, -0.0697564, 0, 0.0695865, 0.995134, -0.0697564, 0.00486596, 0.0695865, 0.997564, -0.0309982, 8.4, 0.0309982)
mesh = SubResource("BoxMesh_wn8k6")
skeleton = NodePath("../../../..")

[node name="MeshInstance3D11" type="MeshInstance3D" parent="ſןᴜȝ ᶅſw ſɭɹ/MeshInstance3D3/StaticBody3D3/MeshInstance3D4"]
transform = Transform3D(0.978147, -0.207912, 0, 0.203368, 0.956772, -0.207912, 0.0432273, 0.203368, 0.978147, -0.130001, 9.283, 0.129997)
mesh = SubResource("BoxMesh_wnvfq")
skeleton = NodePath("../../../..")

[node name="CollisionShape3D" type="CollisionShape3D" parent="ſןᴜȝ ᶅſw ſɭɹ/MeshInstance3D3/StaticBody3D3"]
transform = Transform3D(1, 0, 0, 0, 1, 0, 0, 0, 1, -2, 1, 3)
shape = SubResource("ConvexPolygonShape3D_eemhn")

[node name="MeshInstance3D5" type="MeshInstance3D" parent="ſןᴜȝ ᶅſw ſɭɹ/MeshInstance3D3/StaticBody3D3"]
transform = Transform3D(1, 0, 0, 0, 1, 0, 0, 0, 1, 2, 1, 3)
mesh = ExtResource("2_84fau")
skeleton = NodePath("../../..")

[node name="MeshInstance3D10" type="MeshInstance3D" parent="ſןᴜȝ ᶅſw ſɭɹ/MeshInstance3D3/StaticBody3D3/MeshInstance3D5"]
transform = Transform3D(0.00486592, 0.0695865, 0.997564, 0.0695865, 0.995134, -0.0697564, -0.997564, 0.0697564, -4.40694e-08, 0.0319977, 8.4, 0.0319977)
mesh = SubResource("BoxMesh_wn8k6")
skeleton = NodePath("../../../..")

[node name="MeshInstance3D11" type="MeshInstance3D" parent="ſןᴜȝ ᶅſw ſɭɹ/MeshInstance3D3/StaticBody3D3/MeshInstance3D5"]
transform = Transform3D(0.0261497, 0.206966, 0.977998, 0.203368, 0.956773, -0.207912, -0.978753, 0.204331, -0.017071, 0.129997, 9.283, 0.129997)
mesh = SubResource("BoxMesh_wnvfq")
skeleton = NodePath("../../../..")

[node name="CollisionShape3D2" type="CollisionShape3D" parent="ſןᴜȝ ᶅſw ſɭɹ/MeshInstance3D3/StaticBody3D3"]
transform = Transform3D(1, 0, 0, 0, 1, 0, 0, 0, 1, 2, 1, 3)
shape = SubResource("ConvexPolygonShape3D_7blih")

[node name="MeshInstance3D6" type="MeshInstance3D" parent="ſןᴜȝ ᶅſw ſɭɹ/MeshInstance3D3/StaticBody3D3"]
transform = Transform3D(1, 0, 0, 0, 1, 0, 0, 0, 1, -2, 1, -1)
mesh = ExtResource("2_84fau")

[node name="MeshInstance3D10" type="MeshInstance3D" parent="ſןᴜȝ ᶅſw ſɭɹ/MeshInstance3D3/StaticBody3D3/MeshInstance3D6"]
transform = Transform3D(-0.00486601, -0.0695865, -0.997564, 0.0695865, 0.995134, -0.0697564, 0.997564, -0.0697564, -4.31404e-08, -0.0320015, 8.4, -0.0319977)
mesh = SubResource("BoxMesh_wn8k6")
skeleton = NodePath("../../../..")

[node name="MeshInstance3D11" type="MeshInstance3D" parent="ſןᴜȝ ᶅſw ſɭɹ/MeshInstance3D3/StaticBody3D3/MeshInstance3D6"]
transform = Transform3D(-0.0261497, -0.206966, -0.977998, 0.203368, 0.956773, -0.207912, 0.978753, -0.204331, 0.017071, -0.130001, 9.283, -0.130005)
mesh = SubResource("BoxMesh_wnvfq")
skeleton = NodePath("../../../..")

[node name="CollisionShape3D3" type="CollisionShape3D" parent="ſןᴜȝ ᶅſw ſɭɹ/MeshInstance3D3/StaticBody3D3"]
transform = Transform3D(1, 0, 0, 0, 1, 0, 0, 0, 1, -2, 1, -1)
shape = SubResource("ConvexPolygonShape3D_4lxwo")

[node name="MeshInstance3D7" type="MeshInstance3D" parent="ſןᴜȝ ᶅſw ſɭɹ/MeshInstance3D3/StaticBody3D3"]
transform = Transform3D(1, 0, 0, 0, 1, 0, 0, 0, 1, 2, 1, -1)
mesh = ExtResource("2_84fau")

[node name="MeshInstance3D10" type="MeshInstance3D" parent="ſןᴜȝ ᶅſw ſɭɹ/MeshInstance3D3/StaticBody3D3/MeshInstance3D7"]
transform = Transform3D(-0.997564, 0.0697564, -8.71043e-08, 0.0695865, 0.995134, -0.0697564, -0.00486588, -0.0695865, -0.997564, 0.0179977, 8.4, -0.0180054)
mesh = SubResource("BoxMesh_wn8k6")
skeleton = NodePath("../../../..")

[node name="MeshInstance3D11" type="MeshInstance3D" parent="ſןᴜȝ ᶅſw ſɭɹ/MeshInstance3D3/StaticBody3D3/MeshInstance3D7"]
transform = Transform3D(-0.978753, 0.204331, -0.0170711, 0.203368, 0.956773, -0.207912, -0.0261496, -0.206966, -0.977999, 0.111, 9.283, -0.110992)
mesh = SubResource("BoxMesh_wnvfq")
skeleton = NodePath("../../../..")

[node name="CollisionShape3D4" type="CollisionShape3D" parent="ſןᴜȝ ᶅſw ſɭɹ/MeshInstance3D3/StaticBody3D3"]
transform = Transform3D(1, 0, 0, 0, 1, 0, 0, 0, 1, 2, 1, -1)
shape = SubResource("ConvexPolygonShape3D_4gqjn")

[node name="CollisionShape3D3" type="CollisionShape3D" parent="ſןᴜȝ ᶅſw ſɭɹ"]
transform = Transform3D(1, 0, 0, 0, 1, 0, 0, 0, 1, 0, 9, 1)
shape = SubResource("ConvexPolygonShape3D_e6efm")

[node name="MeshInstance3D5" type="MeshInstance3D" parent="ſןᴜȝ ᶅſw ſɭɹ"]
transform = Transform3D(1, 0, 0, 0, 1, 0, 0, 0, 1, 0, 0.25, 5)
mesh = SubResource("BoxMesh_itece")
skeleton = NodePath("MeshInstance3D4")

[node name="MeshInstance3D4" type="MeshInstance3D" parent="ſןᴜȝ ᶅſw ſɭɹ/MeshInstance3D5"]
transform = Transform3D(1, 0, 0, 0, 1, 0, 0, 0, 1, 0.75, 0, 0)
mesh = SubResource("PrismMesh_ds7vy")
skeleton = NodePath("../..")

[node name="MeshInstance3D5" type="MeshInstance3D" parent="ſןᴜȝ ᶅſw ſɭɹ/MeshInstance3D5"]
transform = Transform3D(-1, 0, 8.74228e-08, 0, 1, 0, -8.74228e-08, 0, -1, -0.75, 0, 0)
mesh = SubResource("PrismMesh_ds7vy")
skeleton = NodePath("../..")
