[gd_scene load_steps=15 format=3 uid="uid://cvq5nvlx3pf3m"]

[ext_resource type="Material" uid="uid://r5ltwadino00" path="res://֭ſɭᴜ ʃᴜ/ſןᴜȝ.tres" id="1_1pskm"]
[ext_resource type="Texture2D" uid="uid://031ovo1etafe" path="res://֭ſɭᴜ ʃᴜ/ſןᴜȝ/Metal032_2K-PNG_Metalness.png" id="1_uit6v"]
[ext_resource type="Texture2D" uid="uid://c3lsk7e2pvs2f" path="res://֭ſɭᴜ ʃᴜ/ſןᴜȝ/Metal032_2K-PNG_NormalGL.png" id="2_6lp83"]
[ext_resource type="PackedScene" uid="uid://c32xdb3sqvvjq" path="res://ſןᴜȝ/ſɭɔƽ j͑ʃɔ ſןᴜȝ/ſɭᴜc̗ ɭʃɜ }ʃꞇ j͑ʃп́ɔ ſןᴜȝ ᶅſɜ ſɭɹ.tscn" id="2_fauch"]
[ext_resource type="PackedScene" uid="uid://6qa6i8b4g334" path="res://ſןᴜȝ/ſɭɔƽ j͑ʃɔ ſןᴜȝ/ſɭɔⰱ.tscn" id="3_o6ana"]
[ext_resource type="Texture2D" uid="uid://t14ohbe8fatd" path="res://֭ſɭᴜ ʃᴜ/ſןᴜȝ/Metal032_2K-PNG_Roughness.png" id="3_w87jf"]

[sub_resource type="StandardMaterial3D" id="StandardMaterial3D_3co2u"]
albedo_color = Color(0.4, 0.819608, 0.686275, 1)
metallic = 1.0
metallic_texture = ExtResource("1_uit6v")
roughness_texture = ExtResource("3_w87jf")
normal_enabled = true
normal_texture = ExtResource("2_6lp83")
uv1_scale = Vector3(0.25, 0.25, 0.25)
uv1_triplanar = true

[sub_resource type="BoxMesh" id="BoxMesh_fp4to"]
material = SubResource("StandardMaterial3D_3co2u")
size = Vector3(8, 16, 8)

[sub_resource type="ConvexPolygonShape3D" id="ConvexPolygonShape3D_8upg2"]
points = PackedVector3Array(-4, -2, -4, -4, 2, -4, 4, -2, -4, -4, -2, 4, -4, 2, 4, 4, 2, -4, 4, -2, 4, 4, 2, 4)

[sub_resource type="BoxMesh" id="BoxMesh_772fj"]
material = ExtResource("1_1pskm")
size = Vector3(6, 16, 6)

[sub_resource type="ConvexPolygonShape3D" id="ConvexPolygonShape3D_1ga0l"]
points = PackedVector3Array(-3, -2, -3, -3, 2, -3, 3, -2, -3, -3, -2, 3, -3, 2, 3, 3, 2, -3, 3, -2, 3, 3, 2, 3)

[sub_resource type="StandardMaterial3D" id="StandardMaterial3D_7o6gr"]
albedo_color = Color(0.4, 0.819608, 0.686275, 1)
metallic = 1.0
metallic_texture = ExtResource("1_uit6v")
roughness_texture = ExtResource("3_w87jf")
normal_enabled = true
normal_texture = ExtResource("2_6lp83")
uv1_scale = Vector3(0.25, 0.25, 0.25)
uv1_triplanar = true

[sub_resource type="BoxMesh" id="BoxMesh_qgjtg"]
material = SubResource("StandardMaterial3D_7o6gr")
size = Vector3(4, 16, 4)

[sub_resource type="ConvexPolygonShape3D" id="ConvexPolygonShape3D_e6efm"]
points = PackedVector3Array(2, 2, 2, 2, 2, -2, -2, 2, 2, 2, -2, 2, 2, -2, -2, -2, 2, -2, -2, -2, 2, -2, -2, -2)

[node name="ſןᴜȝ ᶅſw ſɭɹ" type="Node3D"]

[node name="ſןᴜȝ ᶅſw ſɭɹ" type="StaticBody3D" parent="."]
transform = Transform3D(1, 0, 0, 0, 1, 0, 0, 0, 1, 0, 1, 0)

[node name="MeshInstance3D" type="MeshInstance3D" parent="ſןᴜȝ ᶅſw ſɭɹ"]
transform = Transform3D(1, 0, 0, 0, 1, 0, 0, 0, 1, 0, 7, 1)
mesh = SubResource("BoxMesh_fp4to")

[node name="ſɭᴜc̗ ɭʃɜ }ʃꞇ" parent="ſןᴜȝ ᶅſw ſɭɹ/MeshInstance3D" instance=ExtResource("2_fauch")]

[node name="ſɭᴜc̗ ɭʃɜ }ʃꞇ ɿ" parent="ſןᴜȝ ᶅſw ſɭɹ/MeshInstance3D" instance=ExtResource("2_fauch")]
transform = Transform3D(-0.5, 0, 0.866025, 0, 1, 0, -0.866025, 0, -0.5, 5, 6, 5)

[node name="ſɭᴜc̗ ɭʃɜ }ʃꞇ ц" parent="ſןᴜȝ ᶅſw ſɭɹ/MeshInstance3D" instance=ExtResource("2_fauch")]
transform = Transform3D(-0.866025, 0, -0.5, 0, 1, 0, 0.5, 0, -0.866025, 5, 6, -5)

[node name="ſɭᴜc̗ ɭʃɜ }ʃꞇ э" parent="ſןᴜȝ ᶅſw ſɭɹ/MeshInstance3D" instance=ExtResource("2_fauch")]
transform = Transform3D(0.5, 0, -0.866025, 0, 1, 0, 0.866025, 0, 0.5, -5, 6, -5)
polygon = PackedVector2Array(0.935415, 2.25987, 0.625, 2.725, 0.25, 3, 1, 3, 1.5, 2.845, 1.875, 2.5, 2, 1.75, 2, -14, 1, -14, 1, 1)

[node name="CollisionShape3D" type="CollisionShape3D" parent="ſןᴜȝ ᶅſw ſɭɹ"]
transform = Transform3D(1, 0, 0, 0, 1, 0, 0, 0, 1, 0, 1, 1)
shape = SubResource("ConvexPolygonShape3D_8upg2")

[node name="MeshInstance3D2" type="MeshInstance3D" parent="ſןᴜȝ ᶅſw ſɭɹ"]
transform = Transform3D(1, 0, 0, 0, 1, 0, 0, 0, 1, 0, 23, 1)
mesh = SubResource("BoxMesh_772fj")

[node name="ſɭᴜc̗ ɭʃɜ }ʃꞇ" parent="ſןᴜȝ ᶅſw ſɭɹ/MeshInstance3D2" instance=ExtResource("2_fauch")]
transform = Transform3D(0.866025, 0, 0.5, 0, 1, 0, -0.5, 0, 0.866025, -4, 6, 4)

[node name="ſɭᴜc̗ ɭʃɜ }ʃꞇ ɿ" parent="ſןᴜȝ ᶅſw ſɭɹ/MeshInstance3D2" instance=ExtResource("2_fauch")]
transform = Transform3D(-0.5, 0, 0.866025, 0, 1, 0, -0.866025, 0, -0.5, 4, 6, 4)

[node name="ſɭᴜc̗ ɭʃɜ }ʃꞇ ц" parent="ſןᴜȝ ᶅſw ſɭɹ/MeshInstance3D2" instance=ExtResource("2_fauch")]
transform = Transform3D(-0.866025, 0, -0.5, 0, 1, 0, 0.5, 0, -0.866025, 4, 6, -4)

[node name="ſɭᴜc̗ ɭʃɜ }ʃꞇ э" parent="ſןᴜȝ ᶅſw ſɭɹ/MeshInstance3D2" instance=ExtResource("2_fauch")]
transform = Transform3D(0.5, 0, -0.866025, 0, 1, 0, 0.866025, 0, 0.5, -4, 6, -4)

[node name="CollisionShape3D2" type="CollisionShape3D" parent="ſןᴜȝ ᶅſw ſɭɹ"]
transform = Transform3D(1, 0, 0, 0, 1, 0, 0, 0, 1, 0, 5, 1)
shape = SubResource("ConvexPolygonShape3D_1ga0l")

[node name="MeshInstance3D3" type="MeshInstance3D" parent="ſןᴜȝ ᶅſw ſɭɹ"]
transform = Transform3D(1, 0, 0, 0, 1, 0, 0, 0, 1, 0, 39, 1)
mesh = SubResource("BoxMesh_qgjtg")

[node name="ſɭᴜc̗ ɭʃɜ }ʃꞇ" parent="ſןᴜȝ ᶅſw ſɭɹ/MeshInstance3D3" instance=ExtResource("2_fauch")]
transform = Transform3D(0.866025, 0, 0.5, 0, 1, 0, -0.5, 0, 0.866025, -3, 6, 3)

[node name="ſɭᴜc̗ ɭʃɜ }ʃꞇ ɿ" parent="ſןᴜȝ ᶅſw ſɭɹ/MeshInstance3D3" instance=ExtResource("2_fauch")]
transform = Transform3D(-0.5, 0, 0.866025, 0, 1, 0, -0.866025, 0, -0.5, 3, 6, 3)

[node name="ſɭᴜc̗ ɭʃɜ }ʃꞇ ц" parent="ſןᴜȝ ᶅſw ſɭɹ/MeshInstance3D3" instance=ExtResource("2_fauch")]
transform = Transform3D(-0.866025, 0, -0.5, 0, 1, 0, 0.5, 0, -0.866025, 3, 6, -3)

[node name="ſɭᴜc̗ ɭʃɜ }ʃꞇ э" parent="ſןᴜȝ ᶅſw ſɭɹ/MeshInstance3D3" instance=ExtResource("2_fauch")]
transform = Transform3D(0.5, 0, -0.866025, 0, 1, 0, 0.866025, 0, 0.5, -3, 6, -3)

[node name="CollisionShape3D3" type="CollisionShape3D" parent="ſןᴜȝ ᶅſw ſɭɹ"]
transform = Transform3D(1, 0, 0, 0, 1, 0, 0, 0, 1, 0, 9, 1)
shape = SubResource("ConvexPolygonShape3D_e6efm")

[node name="ſɭɔⰱ" parent="." instance=ExtResource("3_o6ana")]
transform = Transform3D(1, 0, 0, 0, 1, 0, 0, 0, 1, 0, 1, 5)
